image_width: 1280
image_height: 1024
camera_name: galaxy_demo
camera_matrix:
  rows: 3
  cols: 3
  data: [1818.3669452465165, 0.0, 751.06226574703498,
         0.0, 1822.494494078506, 530.43671556112133,
         0.0, 0.0, 1.0]
distortion_model: plumb_bob
distortion_coefficients:
  rows: 1
  cols: 5
  data: [-0.077944626599568856, 0.15447826031486889, -0.0025714394278524674, 0.00083016311301273629, 0.0]
